,Nilotinib,Venetoclax,Navitoclax,RO-3306,Ribociclib,Wee1 Inhibitor,BI-2536,AZD7762,MK-1775,Palbociclib,Vorinostat,Entinostat,JQ1,GSK269962A,Cisplatin,Temozolomide,Oxaliplatin,Gemcitabine,Irinotecan,Camptothecin,Afatinib,Lapatinib,Sapitinib,Erlotinib,Dabrafenib,SCH772984,Trametinib,KU-55933,NU7441,Olaparib,Linsitinib,BMS-754807,Doramapimod,Tozasertib,ZM447439,Paclitaxel,Vinorelbine,Docetaxel,Alisertib,5-Fluorouracil,Sorafenib,Ruxolitinib,Alpelisib,Pictilisib,MK-2206,AZD6482,AZD8055,Dactolisib,Taselisib,Uprosertib,PF-4708671,OSI-027,Luminespib,Bortezomib,AZD4547,SB505124,PD173074,Axitinib,Dasatinib,Crizotinib,Galunisertib,SB216763,LGK974,Nutlin-3a (-)
Nilotinib,1.0,0.005226177494634911,0.01690807715557089,-0.1053370065480564,0.11524784942667851,0.18652400105987382,-0.038779718882638675,0.07398217794304715,-0.0334926345902614,0.0648419825055043,-0.02620794501969656,-0.020707559311241804,-0.10604985726828248,0.0856012000924862,-0.19037825026066454,-0.08028891933736607,-0.1969598462666005,-0.05261931741223465,-0.1364397806982896,-0.09114075544443181,0.08804339456924024,0.06098535403649839,0.07776604170351568,0.06623535945078726,-0.1366962601212272,0.16637316160182092,0.08374605318847995,-0.033222188086970944,-0.009980771673405983,-0.0952463810697026,-0.05459768930461713,-0.1252115813780533,0.3305258869350387,0.234120666857287,0.04953416643517351,0.0666603193686141,-0.17696250896457583,0.052434876574219164,-0.03424366751811184,-0.17409800696342828,0.49549924426612474,-0.20835151423064288,-0.07198738485655212,0.10101629055784558,-0.06854044985233033,0.07648654018161669,-0.0631862914299608,0.0054836309293247315,0.06016628165073643,-0.04366124589445487,-0.020580880470661353,-0.024450715121679838,-0.03426155921096768,-0.22996833351102453,0.13219464105681467,0.18791490137496236,0.2002385306017183,0.23326845651601177,0.6690365860414204,0.021188903916953446,0.18682162976028024,-0.1317774686109363,-0.06922371077775827,0.0018163688628575186
Venetoclax,0.005226177494634911,0.9999999999999999,0.9952896147287538,0.011700528279430595,0.0865199020864438,-0.07257799664292353,-0.0775974668579122,-0.005147304993850993,-0.19126177508434006,0.0530360368017443,0.011296620147273737,0.11705914001943252,-0.055579441173366974,-0.09492889339554324,-0.1413929310663638,-0.09480161056881939,0.0006279663558973365,-0.05477010369359563,-0.005363202624366655,0.10310522447384636,0.0983432501601005,0.09609578217571664,0.10105875998716304,0.09840075871298253,-0.11738689922967882,-0.08302366215862556,-0.0648402634536106,0.06502672095305954,0.08040461705197394,-0.06566042022359019,-0.18395900121047692,-0.14873338292806682,0.005175218991385032,-0.1301670708944501,-0.08691276779606964,-0.08424325069665228,0.08556933101036922,-0.10470012922452467,-0.09246515251961951,-0.08039938589935436,-0.06715551994631022,-0.05231861257762758,-0.0495644813036966,-0.13039611645354607,-0.1467055662002516,-0.1496206468251987,-0.04259628286828305,-0.011498000397466568,-0.15004284428533635,-0.1034414986076904,-0.066977821750073,-0.2489913888196657,0.4695202721831143,0.06756192144119241,0.021281985373155305,-0.020812604868337845,-0.04855248761692818,0.0371139388918533,-0.05471807431852278,0.016497374776688258,-0.020156781686786793,-0.04905098179844773,-0.09504552668306222,0.3475541093352389
Navitoclax,0.01690807715557089,0.9952896147287538,0.9999999999999999,0.011091502110690026,0.07606684231653663,-0.07118497102499041,-0.08700831984167147,-0.012125709855129573,-0.201097489894745,0.04229789421735189,-0.005552598916562682,0.10558781101553769,-0.06549551299524485,-0.09021632412389849,-0.14389702665044043,-0.09840503262649647,-0.009195101775303086,-0.046167876105616366,-0.0017294865878652761,0.10861951496420147,0.08855458571144934,0.08618006734771334,0.09123252123617115,0.08853583219829261,-0.1255193746032625,-0.09240949172438828,-0.0637350977134825,0.05621677585344105,0.07217019474504743,-0.05557250507223216,-0.191892938292279,-0.15788490558075272,-0.0020641765486800814,-0.12957025631734503,-0.08795962999987622,-0.07822326665847874,0.08716430304734923,-0.09951106415704146,-0.09771814782585575,-0.08221846038327324,-0.07081325993683205,-0.06170640065422488,-0.04562134949077341,-0.12224722091776015,-0.15778936265060928,-0.14154430245528996,-0.05353848373516004,-0.021741780371788963,-0.14205655556878935,-0.11428617960306063,-0.059576956322793646,-0.2537921459026612,0.45668715136602067,0.058805147683427955,0.020733565052591395,-0.012809888530394777,-0.04783514507462153,0.038387204746329756,-0.04463376592535659,0.009238396906586527,-0.012218155612926614,-0.04720579950883373,-0.08342741024542157,0.3335747357426449
RO-3306,-0.1053370065480564,0.011700528279430595,0.011091502110690026,1.0,0.5049778578169472,0.49639466212735905,0.38693522685695403,0.4645587064559431,0.3567168709562514,0.5960137929307261,-0.06551104574666096,-0.22233519874071425,0.18470004032675602,0.02113930579499215,-0.11708584949311081,-0.13891924930786465,-0.045731586381580376,-0.018778163552346766,0.27533485273072034,0.4815892530552406,0.14408541292261184,0.13829184569424163,0.12269354303877222,0.12858591513513457,0.5170239140247488,0.3443767093943176,0.4445685764541392,0.24493611839892265,0.2525063439470408,0.1050779445515031,0.2991621938322061,0.27803759730826955,0.12873630694828156,0.44057723359830747,0.32934424000454915,0.2398407231923375,0.1496105732909913,0.28194929577303973,0.4350016513591869,0.13702295046079707,0.02451144714807623,0.32897907945395133,0.15647133093630855,0.19157237173578784,-0.05199427111026871,0.18465413425195043,-0.023973052671694924,0.08001423608047525,0.20452486272119863,-0.11411955891408208,0.28953352115209685,0.3676817292058374,0.18077741421932397,-0.17419427670315757,-0.20934040739474127,-0.08112482522160537,-0.12081429009051592,0.4070517833786068,0.049764163504944975,0.08330723477812539,-0.0846339874825291,0.20550018590690639,0.01297451409666285,0.01858386763298141
Ribociclib,0.11524784942667851,0.0865199020864438,0.07606684231653663,0.5049778578169472,1.0,0.16174054504079438,0.24096433481194884,0.6861805924144984,0.006967521956621703,0.9507771728936953,-0.028616676827997033,-0.10335839160907764,0.11721299177043039,-0.04427554103779988,-0.09047118321228453,-0.20572969719861306,-0.04841633223305605,-0.10455008562761306,0.04980367151456656,0.2825121155507835,0.021185736308762606,0.02773405209187637,0.014798958485081549,0.02119166773495248,0.3598226180701508,0.5383327469869186,0.38017939460811656,0.3396072648320749,0.34445773415193787,-0.11234517894960352,-0.07432060204741922,-0.0009882578594490737,0.027381235836329613,0.2840358078837755,0.1235347245414415,0.0626922294535624,-0.10286573268347654,0.08964269396117787,0.1988688506562788,0.02768683324528559,0.063478351913986,0.07025107779788381,0.15283546982501361,0.03166007607643172,-0.09514988779793633,0.03835768131475416,0.07946025954219677,0.19664882196993017,-0.010303868086175616,-0.11122212458302135,0.08598925124020473,-0.007039542484861272,0.08329530852090411,-0.07661527165106997,-0.1291264738021091,-0.08964111346245289,-0.14975656512473337,0.29561549553738575,0.0676029537153801,0.06206921356281817,-0.08966880945291805,0.014444995004761076,-0.14230618151449861,0.009489686820950412
Wee1 Inhibitor,0.18652400105987382,-0.07257799664292353,-0.07118497102499041,0.49639466212735905,0.16174054504079438,1.0,-0.16053395155166966,0.3189985392058162,0.24628378246579796,0.2037480067256548,-0.03401390286707151,-0.13397106852638763,0.16161110663891776,0.10735236942859903,0.19297571655189208,-0.060639048114461525,0.258079835954272,0.0516653840694498,0.480156909694505,0.6146898090644024,0.2416193202170407,0.22856044252068014,0.22066695179191015,0.2248263165748805,0.19416848762501496,0.17209614375729634,0.36362291152310644,0.1555707435823561,0.22147951800853247,0.08945831147060243,0.30309486928976576,0.1341349302515809,0.2298192662766253,0.4217360673310163,0.23186499098742253,0.597412340507115,0.012989296722419254,0.6107751591215508,0.23936556208681561,0.394973136236111,0.4990818885291172,-0.06584316275460993,-0.1412426214943311,-0.1903122998356853,-0.16518252565975422,-0.22348496109112087,-0.08477027038772063,-0.031101448833854448,-0.2121147139818229,-0.15033696244286293,0.4189048080183039,0.46046404122890283,0.3026504571235209,-0.05014554594310518,-0.08951632151414297,0.2456450377860244,-0.009317500406381587,0.40080222049726916,0.20362212345971076,0.012038537509649186,0.24102158504248064,0.3536178791884754,0.1468088853287603,-0.0003921297688439518
BI-2536,-0.038779718882638675,-0.0775974668579122,-0.08700831984167147,0.38693522685695403,0.24096433481194884,-0.16053395155166966,1.0,0.09878714230536237,0.25364413788429063,0.2306816091461019,-0.09398391413037732,-0.11631687418804076,0.31934266308695086,-0.15427407032137225,-0.10437192748056079,-0.1288328108134866,-0.057550065486818805,-0.1970776134353432,-0.16772349620852423,-0.08805725512231863,0.03368425994580304,0.030762229278793077,0.03031415962028333,0.03296913548441148,0.2348930073249923,0.07597886451347396,0.23130649634702166,0.15875654505167447,0.1588068887945193,-0.1142869179302757,0.20003781362608658,0.24717671444880535,0.018050241142515334,0.022194057133538968,0.05645534172755447,-0.10309748301287772,-0.05776807073308887,-0.08305769630338514,0.12061603188177114,-0.1674424066734972,-0.18685928832884496,0.26494974391453385,0.34308119351597866,0.4384868533031261,0.005891894581594795,0.48106962166997946,0.045574330901742774,0.100130234401622,0.4727379321995874,-0.04682709784828194,-0.14346755252065838,0.09505641527532306,-0.0014621122107116823,-0.20291827184725703,-0.005650310279598281,-0.18125291825952813,-0.01905370913549715,0.08031222707489968,-0.08829414525730234,0.2207527106215959,-0.18245696978417894,-0.19520607655598105,-0.14463171139131864,0.15316849286051143
AZD7762,0.07398217794304715,-0.005147304993850993,-0.012125709855129573,0.4645587064559431,0.6861805924144984,0.3189985392058162,0.09878714230536237,1.0,-0.00491051768594504,0.7400700955539008,-0.150208802242506,-0.12610126123109128,0.061837256662646826,0.10365862804967571,-0.09914732317037046,-0.13683396102015047,-0.028001789225478843,-0.063785713061842,0.13700616071174712,0.4153575215733346,-0.03573653592842019,-0.03759777852348701,-0.04632987124576619,-0.040595958392497036,0.5199378205761297,0.4493669536808859,0.6060952128035839,0.610780080735025,0.6094159271423257,-0.06837895047435691,-0.030746648193900272,-0.02382519731433412,-0.06626325949137964,0.5821989757345194,0.45985080339170437,0.16806413242201373,-0.07143042685774112,0.18969186895042364,0.5136977277364974,0.05256516164999814,0.21020074376213357,-0.11770122632370908,0.19412271520292074,-0.040593004683210115,0.06233444259205063,-0.05249140488331686,0.22380732908978174,0.32940536457300656,-0.07410227311395678,0.024660928165512738,0.28641222103871483,0.14622162165277855,0.1063646510777636,-0.09085318154965878,-0.13428897225737468,-0.07823591096998114,-0.11635782687020961,0.44066157263812905,0.15535236846707212,0.014675467652430682,-0.08018092173757371,0.19143393354089167,-0.042610604655817064,0.05457053532195616
MK-1775,-0.0334926345902614,-0.19126177508434006,-0.201097489894745,0.3567168709562514,0.006967521956621703,0.24628378246579796,0.25364413788429063,-0.00491051768594504,1.0,0.10833813263551774,-0.13634598462908504,-0.01049586354403018,0.05867392870682924,-0.007937552085571512,-0.06151144726647179,-0.0908374143974201,-0.05727287756621778,0.030514747554522895,-0.031403014131110046,0.02637807628176235,0.34547620664961853,0.3252764456964409,0.32158796895054753,0.32151032022113557,0.19380155226818396,-0.0594798856853552,0.00023414008748343096,-0.1877310698077318,-0.17620216749326778,-0.008976863895814535,0.9170471890743274,0.8803228160494089,0.08096440406414217,0.409254352611648,0.2926219318579873,0.29025092454486623,-0.12234388123989441,0.2923902508774862,0.28296129039649,0.007074713750281417,0.10672147349330302,0.5189060066556574,-0.08373029365503,0.01269767879151884,0.03278480073831097,-0.001400165513371271,-0.17507287944375943,-0.1355092917038091,0.02487440779891531,-0.056185439464701774,0.25209007848066217,0.7202077334417459,-0.03776606242551869,-0.20113680948520044,0.39293853706078163,0.1504198224574804,0.4679903871635237,0.5276279138223041,0.2586271318222634,0.5368292327715147,0.14692337386304916,-0.08031960661666532,-0.07548955268417785,-0.19754113661928258
Palbociclib,0.0648419825055043,0.0530360368017443,0.04229789421735189,0.5960137929307261,0.9507771728936953,0.2037480067256548,0.2306816091461019,0.7400700955539008,0.10833813263551774,0.9999999999999998,-0.07615197747854455,-0.10910947660528053,0.1059737365014199,0.021341774853858263,-0.11719085733386181,-0.21063762798974156,-0.08048138904134863,-0.0714724769392664,0.0743058917135668,0.32960581009315254,0.0011016142780767603,0.005864521628542233,-0.006794876530774936,-0.0005193439107706536,0.4466794685581758,0.5922007474850377,0.3813341329000811,0.3344289496644204,0.32542246392128266,-0.11241352274056636,0.009903506860045878,0.07712748240396339,0.055049443575261495,0.4245882291893465,0.2550606673109768,0.04840572272845042,-0.07776301443514289,0.08723982295105992,0.34341511573610906,0.03179188518698567,0.05833847607916904,0.14197264083346137,0.12583088523916142,-0.007597858611298242,-0.04448891033116144,-0.002986510072267419,0.04470887528973998,0.16609259485987862,-0.045642605131772554,-0.0675606458542001,0.15009342395670378,0.08733848057447337,0.07815934877893504,-0.10000601094330533,-0.1569309464229411,-0.11949399474783545,-0.16013840110047756,0.35116681186471826,0.1008809593368278,0.016561261505730018,-0.11941896822727982,0.08803186181003055,-0.12107966592124378,0.011170075017438785
Vorinostat,-0.02620794501969656,0.011296620147273737,-0.005552598916562682,-0.06551104574666096,-0.028616676827997033,-0.03401390286707151,-0.09398391413037732,-0.150208802242506,-0.13634598462908504,-0.07615197747854455,1.0,0.738655414715131,0.18251046796355497,-0.016960352288725583,0.016031272053362456,0.1527403990221852,-0.025115128300682778,0.1285541515646553,-0.01189055065892107,-0.02123387308682687,-0.1076749312224993,-0.10718726880481884,-0.11890205381672767,-0.11665984509295549,-0.21049574313724356,-0.017310442532117484,-0.22651725491049512,-0.17972056755997745,-0.1946909412184646,0.12503933014088292,-0.20712685939658165,-0.17194130358472506,-0.002504562068794753,-0.0595017339305103,-0.028763779747863306,-0.13556462565083946,-0.09674593760339556,-0.1258164351212929,-0.03378054661345088,0.07180192694236194,0.023889220561866965,-0.15334833390511451,-0.24507090337325063,-0.04675371389050549,-0.07391101904253682,-0.05514879737839935,-0.16026768191906654,-0.1099759415626201,-0.11681299663687919,-0.11078726293812391,-0.13435405522913568,-0.14193587826796483,0.23836180874297402,0.10701377226405252,-0.15213631092530344,-0.09864154077669648,-0.22068805143873893,-0.16377835242114283,-0.019968093378871413,-0.1763957031313207,-0.09665061705182623,-0.12513492022600453,-0.017123196659177164,0.07476847497750232
Entinostat,-0.020707559311241804,0.11705914001943252,0.10558781101553769,-0.22233519874071425,-0.10335839160907764,-0.13397106852638763,-0.11631687418804076,-0.12610126123109128,-0.01049586354403018,-0.10910947660528053,0.738655414715131,1.0,0.2516263576753406,0.06822715434684962,-0.09545864782709844,0.13511693926715002,-0.12062532034049994,0.03626001061231308,-0.14927403487241822,-0.0372625272911549,-0.11062403154403272,-0.09783462223019684,-0.11203066166770248,-0.1134350937064795,-0.1661086341509227,-0.032117338240947264,-0.25534598946469517,-0.15738347687116624,-0.19616619061772722,0.1421110680046419,-0.019843651550614568,0.04168797500270595,0.07048163402415354,-0.04858753171624524,-0.002964325756614171,-0.19193767944837115,-0.15606342065949597,-0.19502754906850422,0.006086636241845071,-0.06653130422419064,0.09116607335768451,-0.125249630783115,-0.19304748847517,-0.1831326816027124,-0.0332143215034211,-0.18821122815545296,-0.10890769916309102,-0.11341486880347049,-0.2366296013490532,-0.041386744770743014,-0.1682961039847876,-0.12569992942640845,0.2644912960045928,0.07180500390804241,0.1007579219922014,0.0758876143625176,0.042279812820009685,-0.04899075338141234,-0.018444469961203865,0.05143227478922474,0.07827948097219734,-0.1739440352057629,0.03262503884850619,0.24831705136700657
JQ1,-0.10604985726828248,-0.055579441173366974,-0.06549551299524485,0.18470004032675602,0.11721299177043039,0.16161110663891776,0.31934266308695086,0.061837256662646826,0.05867392870682924,0.1059737365014199,0.18251046796355497,0.2516263576753406,1.0,-0.11348070857262951,0.09589473552644376,-0.0023041057252360907,0.036823275422008195,-0.10428402255850162,0.23065078052295518,0.28578518823005883,-0.0604019110692834,-0.040727960974456676,-0.056119442342466505,-0.05570466929189595,0.05359596538320849,-0.05539139354034007,0.19158352405835327,0.10228619077433068,0.16492437527274834,-0.060366739061634714,0.07587388203442127,0.07806035917972778,0.022579826636207653,-0.03188420799469506,-0.07023026807299362,0.04812796012150493,0.078472219968684,0.08472190095971031,-0.011408205238531283,0.17360028588241605,0.021736813453683525,0.0019156672268478697,-0.006373112949147011,-0.025221683600972686,-0.15367745480969092,-0.01596855987170325,-0.05774857682566462,-0.06942932917972222,0.00023407413177711778,-0.1560909286236313,0.022684351537386745,0.09076004235616839,0.20550279697563462,-0.15474070543976842,-0.0358720880715443,0.07187565910277674,-0.022272571650744803,-0.04580672539187371,-0.1399685157043109,0.027014802863063916,0.06990481716253702,0.15245025837464662,0.11727278126094402,0.46542734424724075
GSK269962A,0.0856012000924862,-0.09492889339554324,-0.09021632412389849,0.02113930579499215,-0.04427554103779988,0.10735236942859903,-0.15427407032137225,0.10365862804967571,-0.007937552085571512,0.021341774853858263,-0.016960352288725583,0.06822715434684962,-0.11348070857262951,1.0,-0.05380645102773662,-0.10744646364367816,0.042336320061000535,-0.05144336840294911,-0.0912264213206121,0.0852858026934139,0.03421459332360982,0.045415734237703474,0.04988271797310582,0.04080218368005454,0.42477766843111847,0.24634079856127333,-0.035080407752864876,0.0809703883936899,0.006526453364913795,-0.09307601750906189,-0.03763072321168,-0.05652861485226791,0.08667271519012093,0.24613808330015982,0.15139976013652523,-0.08441920542374837,-0.12505311631501684,-0.07506649153108053,0.15903395843003076,-0.07327270321291113,0.010798768556343138,0.07943651543331309,-0.039633119693460485,-0.13060652821046786,0.5707604265250861,-0.16736297796852517,0.2608411188947463,0.15526760347728036,-0.15508136103459788,0.7261910705071088,0.15218455871601,0.025882378269025334,-0.030012603674693196,0.15492365627769805,-0.003036349090574871,-0.036677172399118205,-0.026989323592264483,0.09781212739882969,0.18876293345855372,-0.14840523706264766,-0.03420482054697445,0.282427845180976,0.07124304020733299,-0.18388100195566168
Cisplatin,-0.19037825026066454,-0.1413929310663638,-0.14389702665044043,-0.11708584949311081,-0.09047118321228453,0.19297571655189208,-0.10437192748056079,-0.09914732317037046,-0.06151144726647179,-0.11719085733386181,0.016031272053362456,-0.09545864782709844,0.09589473552644376,-0.05380645102773662,1.0,0.46485747921008946,0.7696777816792653,0.42328303873933204,0.42923338756256996,0.22330346993753147,-0.19588462580610577,-0.19008782665084809,-0.18917269744937093,-0.1791273725539224,0.012741358015103864,-0.06948777668158108,0.0774662798458172,0.04791774048610581,0.11593253458386354,0.10449658877111792,-0.03506833407043897,-0.03194592165128999,-0.14118730197360646,-0.20252242613105512,-0.25444017410996367,0.16555369725784896,-0.05223331732577428,0.19929910693426492,-0.22829241836571101,0.7056645571010359,-0.13395369073101512,-0.08053123612773437,-0.04317965471239805,-0.12609128374092773,-0.042400436080940254,-0.1076714261409318,-0.055634792250131085,-0.056356357004826524,-0.15796084853646986,-0.020967871875719146,0.14578533890370135,0.0258720064587788,0.057557557700543244,0.45788764847176744,-0.16140191010810157,0.03380238045332609,-0.20718107508132283,-0.1509748813807124,-0.20160513016164688,-0.04211039355117701,0.03260237354193868,0.2673645976762723,-0.02454287729252258,-0.004830159385477078
Temozolomide,-0.08028891933736607,-0.09480161056881939,-0.09840503262649647,-0.13891924930786465,-0.20572969719861306,-0.060639048114461525,-0.1288328108134866,-0.13683396102015047,-0.0908374143974201,-0.21063762798974156,0.1527403990221852,0.13511693926715002,-0.0023041057252360907,-0.10744646364367816,0.46485747921008946,1.0,0.2676452400003747,0.6888428122474788,0.1788462197156317,0.06756571784187326,-0.16470961711354315,-0.16439506801878329,-0.16004106809468535,-0.15652420659037788,-0.004321555021083286,-0.18150037408203573,0.1608898149538245,0.043134667546260226,0.05582700934099349,0.6111328987230615,-0.031512053725118824,-0.02665946541238378,0.034040342837945374,-0.20675536969536706,-0.21161970239796352,0.008845786398658014,-0.08012700978093729,0.02685971212364391,-0.1871727133425986,0.45476328999697924,-0.022860973496552514,-0.012340829065437299,0.005830235716510014,0.14341318150017662,-0.06887806226767344,0.14141407368494693,-0.05616415367113502,-0.005573526749089341,0.12050874084562568,-0.08268041850431093,0.021792329706672876,-0.009627448945370043,-0.029306239321008707,0.1898879312122133,0.012707264990233318,0.17188916272363503,0.11049792524799074,-0.09963422133389507,-0.047610228334273454,0.02614140024617033,0.17219786599465622,0.05692577693025729,0.2264049015032666,0.08524443939342918
Oxaliplatin,-0.1969598462666005,0.0006279663558973365,-0.009195101775303086,-0.045731586381580376,-0.04841633223305605,0.258079835954272,-0.057550065486818805,-0.028001789225478843,-0.05727287756621778,-0.08048138904134863,-0.025115128300682778,-0.12062532034049994,0.036823275422008195,0.042336320061000535,0.7696777816792653,0.2676452400003747,0.9999999999999999,0.2841835303762034,0.15529450819367277,0.08779617162811329,-0.055431179783755335,-0.057170806407822364,-0.05183767378483554,-0.05028876604989883,-0.030915975725045286,0.06866676938652932,0.01077965670462313,0.14553442394143246,0.19328777468121092,-0.021638155677146515,-0.023714588449926775,-0.017715664441512426,-0.06458935933566468,-0.18999725483118476,-0.22540612577400831,0.0960553663986308,-0.12524725065214154,0.06722198207669838,-0.19593265562672108,0.397393798125128,-0.20079964281194995,-0.10121075233547469,-0.08443206040297843,-0.20599767904070584,0.03742690372688254,-0.19473802171993154,0.09088877037963107,0.034531003161864554,-0.2217425856120915,0.07994079933172951,-0.06160402317771309,-0.07517983825567673,0.1374497940600511,0.375837871626538,-0.08289873393333844,-0.025610535522811763,-0.1455195570642625,-0.13378078884667927,-0.23232006649568235,0.033032347362999155,-0.027567053004631897,0.21082223783806053,-0.11051315182595382,0.00932901186131889
Gemcitabine,-0.05261931741223465,-0.05477010369359563,-0.046167876105616366,-0.018778163552346766,-0.10455008562761306,0.0516653840694498,-0.1970776134353432,-0.063785713061842,0.030514747554522895,-0.0714724769392664,0.1285541515646553,0.03626001061231308,-0.10428402255850162,-0.05144336840294911,0.42328303873933204,0.6888428122474788,0.2841835303762034,1.0,0.3385592121297863,0.17902347623439685,-0.11539666734762215,-0.12688625550575794,-0.11892346873723214,-0.1210548539262159,0.034055950445960465,-0.1496859869921036,0.16108674499963105,-0.02080887898264984,-0.008396555712532519,0.360055814134518,0.026046233331972063,0.022576316131282435,-0.05742082667961484,-0.03784310753654159,-0.11668862617873946,0.08412558662146381,-0.002403456827964827,0.12493832884480885,-0.12325158381423236,0.5150224842556499,-0.049699484926653506,0.039175025417335946,-0.04976255531669434,0.04089268123408962,-0.042804103266135124,0.05198749516926425,-0.1064922395432982,-0.05978417545472725,0.015220754486583964,-0.059688339905094215,0.2520373229337109,0.10180585804828476,-0.03729607190593725,0.146287398618452,0.0843375040706914,0.05579549523844579,0.19427399681273386,0.06978389478218794,0.1478884952504712,-0.0033210307180601382,0.05605844496451875,0.1371793145116317,0.18230139144274615,-0.04798833912772817
Irinotecan,-0.1364397806982896,-0.005363202624366655,-0.0017294865878652761,0.27533485273072034,0.04980367151456656,0.480156909694505,-0.16772349620852423,0.13700616071174712,-0.031403014131110046,0.0743058917135668,-0.01189055065892107,-0.14927403487241822,0.23065078052295518,-0.0912264213206121,0.42923338756256996,0.1788462197156317,0.15529450819367277,0.3385592121297863,0.9999999999999999,0.8050174766202273,-0.21507778423999407,-0.21255356085328597,-0.22511282169335825,-0.21390112697148894,0.33635837741976204,-0.1908825636587485,0.4582460127677711,0.18304926884958606,0.25665445646106694,0.015347636366876048,0.035704717304714,-0.031639704116334794,-0.14439745480701108,0.03654124352024418,-0.12097390734771178,0.5818840228928035,0.43614535726750875,0.6704292105362694,-0.08031250054055779,0.8610839347308938,0.027029279287132293,-0.01649985435702869,0.1383351118181554,-0.09143832676150447,-0.13270026592241066,-0.09302017375180041,-0.03485521692807,0.03487532191193627,-0.08034391105304506,-0.11063892287231339,0.7350430601492706,0.3429716747880923,0.0956333619992352,0.33958709856089775,-0.25364091172690717,0.2085495962576323,-0.15480416863160135,0.1391319231349204,-0.06303080661455532,-0.12760971104244356,0.20568545055913567,0.6029876981139406,0.2829859735845743,0.2786032208229475
Camptothecin,-0.09114075544443181,0.10310522447384636,0.10861951496420147,0.4815892530552406,0.2825121155507835,0.6146898090644024,-0.08805725512231863,0.4153575215733346,0.02637807628176235,0.32960581009315254,-0.02123387308682687,-0.0372625272911549,0.28578518823005883,0.0852858026934139,0.22330346993753147,0.06756571784187326,0.08779617162811329,0.17902347623439685,0.8050174766202273,1.0,-0.12449931535368322,-0.12470494262758447,-0.13593900916168034,-0.13494535733322868,0.49130279559813106,-0.010061860487252518,0.5546375670994562,0.34801342906066757,0.38948374704004374,0.012192760026153236,0.10698324771761027,0.027271000196751258,-0.07637757842206797,0.2265328193328748,0.03597557956793558,0.5987551272078854,0.1599139974448903,0.6690902205639557,0.08870429610118243,0.6954893272366895,0.12824264144447686,0.04901757838872688,0.14514088546110304,-0.13948773299008477,-0.12936977312729261,-0.15397838191068108,0.053634708949196946,0.1317903350802532,-0.13820625183576907,-0.08696428332186151,0.7163444780764574,0.40548899813523104,0.36835252286940284,0.21097417491627848,-0.16355151833024575,0.3016815600098086,-0.10644041618444558,0.35637807953201117,0.0003551105516705344,-0.07798373224985393,0.2975359485635486,0.6742630531266023,0.3181697953393434,0.27324316138203686
Afatinib,0.08804339456924024,0.0983432501601005,0.08855458571144934,0.14408541292261184,0.021185736308762606,0.2416193202170407,0.03368425994580304,-0.03573653592842019,0.34547620664961853,0.0011016142780767603,-0.1076749312224993,-0.11062403154403272,-0.0604019110692834,0.03421459332360982,-0.19588462580610577,-0.16470961711354315,-0.055431179783755335,-0.11539666734762215,-0.21507778423999407,-0.12449931535368322,1.0,0.9928233995848804,0.99605055524843,0.9938442034323314,-0.02548179376051722,-0.11318160625824045,-0.015908301285710386,-0.06496419960961616,-0.07630310952703079,-0.01834588318088637,0.40443235063170013,0.22814873181792372,0.14962693749674277,0.11475016243012003,0.16932131188633903,0.1189594479654317,-0.14038965926358096,0.10002812912079342,0.10134824843526899,-0.2410557182529373,0.28064895942776347,0.12732324103177978,-0.07093291081098219,0.09499710143319823,0.02819596814810941,0.05856920732775264,-0.044681892142038715,-0.026218819700593938,0.085746742204852,-0.00461629159609913,-0.11859957122442544,0.21236005267445174,0.22517911177267824,-0.1664588055258794,0.1276182579664894,-0.07303955882949874,0.17881339163509763,0.13081646741006858,0.03485857674391911,0.12025430187924634,-0.07530406355305017,-0.21719332716525303,-0.1205184220359028,-0.2641836819974358
Lapatinib,0.06098535403649839,0.09609578217571664,0.08618006734771334,0.13829184569424163,0.02773405209187637,0.22856044252068014,0.030762229278793077,-0.03759777852348701,0.3252764456964409,0.005864521628542233,-0.10718726880481884,-0.09783462223019684,-0.040727960974456676,0.045415734237703474,-0.19008782665084809,-0.16439506801878329,-0.057170806407822364,-0.12688625550575794,-0.21255356085328597,-0.12470494262758447,0.9928233995848804,1.0,0.9957185586286597,0.9967123492911836,-0.02452330608971362,-0.11194678527426327,-0.02857285352854273,-0.07489147879092184,-0.08770766903565361,-0.012329416504052795,0.38913289757289815,0.2277835670356323,0.1432477972712802,0.09803191405079573,0.156912029156533,0.10121472334894147,-0.14198852381875612,0.0853543823592885,0.09184317065548478,-0.2373871353824328,0.26870966174828914,0.12000819318150824,-0.0782469350224838,0.08743014980602651,0.04237213798472677,0.051837512387269094,-0.04127013233062493,-0.044851693022129976,0.07572714598539751,0.00918070654849654,-0.12443945422560387,0.18840039460943686,0.22182082521913282,-0.1606820335003619,0.13341538767872424,-0.07290910629730471,0.17643829538527933,0.11976827441457047,0.006562695092774858,0.12888578711830892,-0.0748373956710807,-0.20622706840039062,-0.1095360549914687,-0.25373283521784307
Sapitinib,0.07776604170351568,0.10105875998716304,0.09123252123617115,0.12269354303877222,0.014798958485081549,0.22066695179191015,0.03031415962028333,-0.04632987124576619,0.32158796895054753,-0.006794876530774936,-0.11890205381672767,-0.11203066166770248,-0.056119442342466505,0.04988271797310582,-0.18917269744937093,-0.16004106809468535,-0.05183767378483554,-0.11892346873723214,-0.22511282169335825,-0.13593900916168034,0.99605055524843,0.9957185586286597,1.0,0.9967975209652381,-0.03160070975743583,-0.11753899426395992,-0.03457258660229538,-0.07448606752790077,-0.09044933790717313,-0.020172466792524116,0.38524670308274783,0.21756971956741872,0.14816056668206623,0.09214491434575815,0.15269449299476795,0.09826309300629527,-0.15189110081162982,0.0801133367914948,0.08397884790324094,-0.24679848810369406,0.26428871949304195,0.1290377966159221,-0.08062763980816705,0.08770334057856952,0.03886310099821272,0.051662702744592025,-0.045050930854521984,-0.039995110257731184,0.07607734453305415,0.013244152539598167,-0.13106111255656022,0.1888078920650187,0.21858231545254736,-0.15939796907676929,0.1331756534804302,-0.08137600450238405,0.1767612741171743,0.1103959232015263,0.011960839696677269,0.11508383226378109,-0.08332675496849781,-0.20461327073589014,-0.11577600935472848,-0.2594613225783072
Erlotinib,0.06623535945078726,0.09840075871298253,0.08853583219829261,0.12858591513513457,0.02119166773495248,0.2248263165748805,0.03296913548441148,-0.040595958392497036,0.32151032022113557,-0.0005193439107706536,-0.11665984509295549,-0.1134350937064795,-0.05570466929189595,0.04080218368005454,-0.1791273725539224,-0.15652420659037788,-0.05028876604989883,-0.1210548539262159,-0.21390112697148894,-0.13494535733322868,0.9938442034323314,0.9967123492911836,0.9967975209652381,0.9999999999999998,-0.03502250857708673,-0.11616290120286812,-0.033461391926266876,-0.07660538853708797,-0.08886130861600641,-0.013305755974492961,0.383270247380117,0.21734692129655037,0.1402636960446519,0.09634424246355125,0.1562424453923782,0.1024462721340307,-0.1390767413585208,0.08561021552883973,0.08967060615268485,-0.23598391128023888,0.26663776653151444,0.11839417645229558,-0.07954968533322333,0.08568728638043906,0.03497175689603288,0.050068049991159394,-0.05454309101254712,-0.04623103867374189,0.07474503539659536,0.003766492403295147,-0.13123065835191552,0.18694262739987666,0.21392501217374077,-0.15065261636898317,0.12085831317867327,-0.08705309033193726,0.16253586900678188,0.11104376302269092,0.005397987470272009,0.11343294545136287,-0.08903403090676205,-0.20899645662161143,-0.11988484512754363,-0.2580733977231271
Dabrafenib,-0.1366962601212272,-0.11738689922967882,-0.1255193746032625,0.5170239140247488,0.3598226180701508,0.19416848762501496,0.2348930073249923,0.5199378205761297,0.19380155226818396,0.4466794685581758,-0.21049574313724356,-0.1661086341509227,0.05359596538320849,0.42477766843111847,0.012741358015103864,-0.004321555021083286,-0.030915975725045286,0.034055950445960465,0.33635837741976204,0.49130279559813106,-0.02548179376051722,-0.02452330608971362,-0.03160070975743583,-0.03502250857708673,0.9999999999999998,0.23659579441252704,0.6526338194695076,0.5816766827725508,0.4990530392848287,0.07388233947990387,0.19901378744747852,0.1739333140756118,0.02163820171017334,0.31183096371059593,0.18814417389255986,0.23479651193959572,0.09266237939233318,0.3060648655841794,0.2614246275227563,0.27713227317050115,-0.004004305253697698,0.32239266598011396,0.5452415526032391,0.2709568440124304,0.4567410369082673,0.2425391512265074,0.49719313558962985,0.5754184882253042,0.2749660369531597,0.46105450187613917,0.526430565369683,0.36295648730343877,-0.020162609466132658,0.1599977367725249,-0.15996211910813513,-0.02857409785912897,-0.05786397662765011,0.31371104047495246,0.010048126166900054,0.07737128185945463,-0.029359947074955553,0.4476889973775112,0.21927417640690383,0.0035917110713908143
SCH772984,0.16637316160182092,-0.08302366215862556,-0.09240949172438828,0.3443767093943176,0.5383327469869186,0.17209614375729634,0.07597886451347396,0.4493669536808859,-0.0594798856853552,0.5922007474850377,-0.017310442532117484,-0.032117338240947264,-0.05539139354034007,0.24634079856127333,-0.06948777668158108,-0.18150037408203573,0.06866676938652932,-0.1496859869921036,-0.1908825636587485,-0.010061860487252518,-0.11318160625824045,-0.11194678527426327,-0.11753899426395992,-0.11616290120286812,0.23659579441252704,0.9999999999999998,0.10711711658308004,0.22496484758657115,0.16656990987428805,-0.05996306299504508,-0.1652938826897768,-0.11159996261688677,0.29096050498050696,0.32798361847361884,0.2308580449291619,-0.227819632294293,-0.1608954566208409,-0.2208175182043331,0.31914018564380336,-0.14848998992500417,0.05093863562361252,-0.022938945692091723,-0.03383371237560146,-0.05216001228148838,0.08890001255499036,-0.04346527952069861,0.11569059770672198,0.14327404214386852,-0.06489274156429505,0.12428369655466072,-0.149363292180899,-0.14187389411951423,-0.02035786748480426,-0.08814635737053322,-0.20859455532110438,-0.18218060967469474,-0.2328636745865878,0.08094522538822856,0.09537376041145207,-0.17289110340197428,-0.1786178112843116,0.01986339218347381,-0.12616590142403922,-0.08772029520330771
Trametinib,0.08374605318847995,-0.0648402634536106,-0.0637350977134825,0.4445685764541392,0.38017939460811656,0.36362291152310644,0.23130649634702166,0.6060952128035839,0.00023414008748343096,0.3813341329000811,-0.22651725491049512,-0.25534598946469517,0.19158352405835327,-0.035080407752864876,0.0774662798458172,0.1608898149538245,0.01077965670462313,0.16108674499963105,0.4582460127677711,0.5546375670994562,-0.015908301285710386,-0.02857285352854273,-0.03457258660229538,-0.033461391926266876,0.6526338194695076,0.10711711658308004,0.9999999999999999,0.7514527006577317,0.7414307987914028,0.19963580834265324,0.06742501532785003,-0.02999121140540663,-0.09278708756697172,0.26685169714520146,0.13360903321340298,0.39065128179945646,0.12233354090180791,0.4519728159664102,0.1519816240401729,0.3645931072374624,0.16813596045418144,-0.03806871188046497,0.6067597193534527,0.4053058010715592,0.043786107207495234,0.3910919402628855,0.39641669543800784,0.5537098474512403,0.4168648850151705,0.015898628280175235,0.4292664367100315,0.33899453520760636,0.04315951276268565,-0.029609160414882506,-0.1264481403500391,0.053846841786799604,0.0261203028146434,0.34384020862452735,0.13165731038975553,0.07464838461242773,0.05016992030321708,0.3088952065827314,0.19459645226166594,0.13433195994956626
KU-55933,-0.033222188086970944,0.06502672095305954,0.05621677585344105,0.24493611839892265,0.3396072648320749,0.1555707435823561,0.15875654505167447,0.610780080735025,-0.1877310698077318,0.3344289496644204,-0.17972056755997745,-0.15738347687116624,0.10228619077433068,0.0809703883936899,0.04791774048610581,0.043134667546260226,0.14553442394143246,-0.02080887898264984,0.18304926884958606,0.34801342906066757,-0.06496419960961616,-0.07489147879092184,-0.07448606752790077,-0.07660538853708797,0.5816766827725508,0.22496484758657115,0.7514527006577317,1.0,0.9555031612215352,-0.013596523569038677,-0.14551032658920232,-0.17037688424585412,-0.14455985020244363,0.08918787425147215,0.031618214711845595,0.0898537507007314,0.013139420374554872,0.11910851877649649,0.06955478732492634,0.12238080641788493,0.02931707994357048,-0.10536924075958465,0.49951207035302203,0.1959872210375139,0.1735269464993164,0.16099662498214945,0.6326045718338861,0.7477464528939752,0.19631038588995442,0.19331724757279137,0.17911080796964673,0.04231299153142738,0.10220599186161289,0.03827758359883146,-0.13051007160993466,-0.11557751089410923,-0.1080155428181595,0.06955122988541358,-0.07757967518574951,-0.06352732956584112,-0.1174938125720966,0.30506352415556737,0.04180748844704807,0.13830481782145607
NU7441,-0.009980771673405983,0.08040461705197394,0.07217019474504743,0.2525063439470408,0.34445773415193787,0.22147951800853247,0.1588068887945193,0.6094159271423257,-0.17620216749326778,0.32542246392128266,-0.1946909412184646,-0.19616619061772722,0.16492437527274834,0.006526453364913795,0.11593253458386354,0.05582700934099349,0.19328777468121092,-0.008396555712532519,0.25665445646106694,0.38948374704004374,-0.07630310952703079,-0.08770766903565361,-0.09044933790717313,-0.08886130861600641,0.4990530392848287,0.16656990987428805,0.7414307987914028,0.9555031612215352,0.9999999999999998,-0.03034276050857284,-0.11664400040893604,-0.1447968779056305,-0.15546597803856232,0.11041323195519076,0.03002862766573149,0.1511775293243815,0.0406154849709901,0.18005707027796003,0.07500051505495504,0.18638167371867198,0.05685589179499285,-0.15194604436683645,0.41743650559426,0.1483420079904696,0.10666117697815336,0.1131423611404074,0.5142366933758562,0.6221274504291237,0.14639346710793583,0.11053510010667464,0.22110156145831003,0.0664105702062671,0.12563669800611035,0.007785075924244385,-0.12311764922527822,-0.06764809232845789,-0.09983891759949046,0.1014390851007003,-0.04521525605088272,-0.019149971602355532,-0.06972135627350613,0.29490882303082533,0.025940601099600002,0.2069898376100024
Olaparib,-0.0952463810697026,-0.06566042022359019,-0.05557250507223216,0.1050779445515031,-0.11234517894960352,0.08945831147060243,-0.1142869179302757,-0.06837895047435691,-0.008976863895814535,-0.11241352274056636,0.12503933014088292,0.1421110680046419,-0.060366739061634714,-0.09307601750906189,0.10449658877111792,0.6111328987230615,-0.021638155677146515,0.360055814134518,0.015347636366876048,0.012192760026153236,-0.01834588318088637,-0.012329416504052795,-0.020172466792524116,-0.013305755974492961,0.07388233947990387,-0.05996306299504508,0.19963580834265324,-0.013596523569038677,-0.03034276050857284,0.9999999999999999,0.03715918547376987,0.025388580487715015,0.21144202641455578,-0.10528017650143717,-0.03794708756287712,-0.007135052568585334,-0.013672072721466415,-0.009597660980886387,0.005300556489995667,0.13583383489669337,0.11959655556831494,-0.0361269027100173,0.12575729813728298,0.30579539205940515,-0.07028537242319965,0.264833497216978,-0.029340608650333888,0.032754971126377895,0.24883810240977033,-0.14120300756495452,-0.053420449612275545,0.004060227560751681,0.021243423650569013,-0.11546709375469758,-0.01586767197212454,0.08923027898495284,0.08599546260117953,-0.016700102113857376,-0.08142718610428694,0.10784213540464516,0.08994968243360904,-0.12359902768218758,0.4405037292300934,0.03577558907329702
